1035 1 28
1609 1 16
1922 1 18
2437 1 32
14708 1 32
14995 1 32
15287 1 32
15497 1 32
15665 1 32
15735 1 30
15900 1 32
15961 1 33
16153 1 30
16273 1 32
16298 1 33
16586 1 30
16665 1 32
16729 1 33
16969 1 30
17048 1 32
17080 1 33
18104 1 39
18419 1 40
18703 1 42
18983 1 40
19317 1 42
19529 1 40
19814 1 42
19937 1 40
20158 1 42
20443 1 40
20649 1 42
21380 1 40
21483 1 42
21624 1 40
21743 1 42
21837 1 40
21931 1 42
22029 1 40
22229 1 40
22330 1 42
22448 1 40
22549 1 42
22680 1 40
22785 1 42
22930 1 40
26556 1 45
26983 1 44
27283 1 42
28664 1 49
29038 1 47
31397 1 45
33907 1 35
34348 1 35
34667 1 35
35341 1 35
36556 1 35
36853 1 37
36994 1 40
37162 1 42
37295 1 44
37511 1 42
37659 1 40
37880 1 37
38724 1 35
38933 1 37
39054 1 40
39155 1 42
39334 1 44
39530 1 47
39832 1 42
41780 1 40
41940 1 42
42090 1 44
42242 1 40
42372 1 42
42524 1 44
42695 1 40
42792 1 42
42978 1 44
43093 1 40
43179 1 42
43258 1 44
43384 1 40
43520 1 42
43530 1 44
43666 1 40
43772 1 44
43785 1 42
43880 1 40
43970 1 44
43985 1 42
44077 1 40
44232 1 42
44361 1 40
44430 1 42
51007 1 40
51178 1 40
51336 1 40
51510 1 40
51661 1 40
51795 1 40
51963 1 40
52406 1 33
52653 1 33
52871 1 33
53095 1 33
53243 1 33
53421 1 33
53808 1 42
54156 1 42
54351 1 42
54553 1 42
54732 1 42
54928 1 42
55146 1 40
55336 1 40
55525 1 40
55703 1 40
55885 1 40
56057 1 40
56244 1 40
58961 1 40
59169 1 33
59443 1 40
59685 1 33
59942 1 40
60356 1 32
60586 1 33
60840 1 35
61114 1 40
61562 1 32
61673 1 33
61848 1 35
62443 1 40
64170 1 40
64406 1 33
64623 1 40
64888 1 33
64993 1 40
65327 1 40
1127713 1 33
1128313 1 35
1129620 1 32
1130468 1 33
1130821 1 35
1131655 1 33
1131852 1 35
1132278 1 39
1133275 1 33
1133646 1 35
1133949 1 39
1134309 1 40
1134692 1 42
1135319 1 40
1136010 1 39
1136453 1 33
1139261 1 40
1139730 1 40
1139968 1 39
1140741 1 30
1141135 1 32
1141489 1 33
1142179 1 30
1142658 1 32
1143057 1 35
1143427 1 37
1143828 1 39
1144430 1 40
1145501 1 30
1145919 1 32
1146256 1 35
1146732 1 39
1146780 1 37
1147599 1 30
1147905 1 32
1148325 1 37
1149017 1 30
1149448 1 32
1149725 1 35
1149898 1 37
1150120 1 39
1150463 1 37
1150637 1 35
1150982 1 32
1151247 1 30
